docid	eid	eiid	id
ABC19980108.1830.0711	1	375	0
ABC19980108.1830.0711	3	377	1
ABC19980108.1830.0711	4	378	2
ABC19980108.1830.0711	7	379	3
ABC19980108.1830.0711	9	380	4
ABC19980108.1830.0711	10	381	5
ABC19980108.1830.0711	147	382	6
ABC19980108.1830.0711	11	384	7
ABC19980108.1830.0711	376	438	8
ABC19980108.1830.0711	12	386	9
ABC19980108.1830.0711	16	388	10
ABC19980108.1830.0711	17	389	11
ABC19980108.1830.0711	18	390	12
ABC19980108.1830.0711	19	391	13
ABC19980108.1830.0711	20	392	14
ABC19980108.1830.0711	21	393	15
ABC19980108.1830.0711	26	395	16
ABC19980108.1830.0711	28	397	17
ABC19980108.1830.0711	30	398	18
ABC19980108.1830.0711	32	399	19
ABC19980108.1830.0711	33	400	20
ABC19980108.1830.0711	34	401	21
ABC19980108.1830.0711	37	402	22
ABC19980108.1830.0711	88	403	23
ABC19980108.1830.0711	91	404	24
ABC19980108.1830.0711	39	405	25
ABC19980108.1830.0711	40	406	26
ABC19980108.1830.0711	41	407	27
ABC19980108.1830.0711	42	408	28
ABC19980108.1830.0711	43	409	29
ABC19980108.1830.0711	44	410	30
ABC19980108.1830.0711	46	412	31
ABC19980108.1830.0711	48	414	32
ABC19980108.1830.0711	50	415	33
ABC19980108.1830.0711	52	417	34
ABC19980108.1830.0711	53	418	35
ABC19980108.1830.0711	54	419	36
ABC19980108.1830.0711	55	420	37
ABC19980108.1830.0711	374	436	38
ABC19980108.1830.0711	56	422	39
ABC19980108.1830.0711	59	424	40
ABC19980108.1830.0711	64	426	41
ABC19980108.1830.0711	65	427	42
ABC19980108.1830.0711	66	428	43
ABC19980108.1830.0711	67	429	44
ABC19980108.1830.0711	368	430	45
ABC19980114.1830.0611	1	252	0
ABC19980114.1830.0611	2	253	1
ABC19980114.1830.0611	3	254	2
ABC19980114.1830.0611	10	256	3
ABC19980114.1830.0611	13	257	4
ABC19980114.1830.0611	15	258	5
ABC19980114.1830.0611	18	259	6
ABC19980114.1830.0611	19	260	7
ABC19980114.1830.0611	20	261	8
ABC19980114.1830.0611	21	262	9
ABC19980114.1830.0611	22	263	10
ABC19980114.1830.0611	24	264	11
ABC19980114.1830.0611	26	265	12
ABC19980114.1830.0611	60	266	13
ABC19980114.1830.0611	61	267	14
ABC19980114.1830.0611	28	268	15
ABC19980114.1830.0611	30	269	16
ABC19980114.1830.0611	33	270	17
ABC19980114.1830.0611	34	271	18
ABC19980114.1830.0611	36	272	19
ABC19980114.1830.0611	38	273	20
ABC19980114.1830.0611	235	275	21
ABC19980114.1830.0611	43	276	22
ABC19980120.1830.0957	1	415	0
ABC19980120.1830.0957	86	416	1
ABC19980120.1830.0957	2	417	2
ABC19980120.1830.0957	4	418	3
ABC19980120.1830.0957	87	419	4
ABC19980120.1830.0957	7	420	5
ABC19980120.1830.0957	8	421	6
ABC19980120.1830.0957	9	422	7
ABC19980120.1830.0957	11	423	8
ABC19980120.1830.0957	15	424	9
ABC19980120.1830.0957	16	425	10
ABC19980120.1830.0957	18	426	11
ABC19980120.1830.0957	22	429	12
ABC19980120.1830.0957	24	430	13
ABC19980120.1830.0957	26	431	14
ABC19980120.1830.0957	99	432	15
ABC19980120.1830.0957	240	434	16
ABC19980120.1830.0957	30	435	17
ABC19980120.1830.0957	32	437	18
ABC19980120.1830.0957	100	438	19
ABC19980120.1830.0957	35	439	20
ABC19980120.1830.0957	38	441	21
ABC19980120.1830.0957	103	442	22
ABC19980120.1830.0957	42	443	23
ABC19980120.1830.0957	44	444	24
ABC19980120.1830.0957	45	445	25
ABC19980120.1830.0957	48	447	26
ABC19980120.1830.0957	50	448	27
ABC19980120.1830.0957	51	449	28
ABC19980120.1830.0957	52	450	29
ABC19980120.1830.0957	53	451	30
ABC19980120.1830.0957	56	452	31
ABC19980120.1830.0957	57	453	32
ABC19980120.1830.0957	59	454	33
ABC19980120.1830.0957	60	455	34
ABC19980120.1830.0957	378	456	35
ABC19980120.1830.0957	63	458	36
ABC19980120.1830.0957	64	459	37
ABC19980120.1830.0957	66	460	38
ABC19980120.1830.0957	67	461	39
ABC19980120.1830.0957	112	462	40
ABC19980304.1830.1636	1	258	0
ABC19980304.1830.1636	2	259	1
ABC19980304.1830.1636	3	260	2
ABC19980304.1830.1636	37	261	3
ABC19980304.1830.1636	38	262	4
ABC19980304.1830.1636	40	263	5
ABC19980304.1830.1636	41	264	6
ABC19980304.1830.1636	6	265	7
ABC19980304.1830.1636	7	266	8
ABC19980304.1830.1636	254	289	9
ABC19980304.1830.1636	68	268	10
ABC19980304.1830.1636	44	269	11
ABC19980304.1830.1636	10	272	12
ABC19980304.1830.1636	20	274	13
ABC19980304.1830.1636	51	275	14
ABC19980304.1830.1636	22	276	15
ABC19980304.1830.1636	52	277	16
ABC19980304.1830.1636	23	278	17
ABC19980304.1830.1636	24	280	18
ABC19980304.1830.1636	25	281	19
ABC19980304.1830.1636	26	282	20
ABC19980304.1830.1636	27	283	21
ABC19980304.1830.1636	28	285	22
ABC19980304.1830.1636	30	288	23
AP900815-0044	5	1519	0
AP900815-0044	6	1520	1
AP900815-0044	8	1522	2
AP900815-0044	9	1523	3
AP900815-0044	10	1524	4
AP900815-0044	11	1525	5
AP900815-0044	13	1526	6
AP900815-0044	15	1527	7
AP900815-0044	16	1528	8
AP900815-0044	17	1529	9
AP900815-0044	18	1530	10
AP900815-0044	19	1531	11
AP900815-0044	23	1532	12
AP900815-0044	27	1534	13
AP900815-0044	28	1535	14
AP900815-0044	29	1536	15
AP900815-0044	387	1537	16
AP900815-0044	30	1538	17
AP900815-0044	33	1539	18
AP900815-0044	34	1540	19
AP900815-0044	35	1541	20
AP900815-0044	38	1542	21
AP900815-0044	39	1543	22
AP900815-0044	40	1544	23
AP900815-0044	41	1545	24
AP900815-0044	42	1546	25
AP900815-0044	43	1547	26
AP900815-0044	50	1549	27
AP900815-0044	52	1551	28
AP900815-0044	53	1552	29
AP900815-0044	54	1553	30
AP900815-0044	58	1555	31
AP900815-0044	59	1556	32
AP900815-0044	60	1557	33
AP900815-0044	61	1558	34
AP900815-0044	62	1559	35
AP900815-0044	63	1560	36
AP900815-0044	64	1561	37
AP900815-0044	66	1562	38
AP900815-0044	67	1563	39
AP900815-0044	69	1565	40
AP900815-0044	70	1566	41
AP900815-0044	73	1567	42
AP900815-0044	74	1568	43
AP900815-0044	75	1569	44
AP900815-0044	77	1571	45
AP900815-0044	78	1572	46
AP900815-0044	80	1574	47
AP900815-0044	81	1575	48
AP900815-0044	83	1576	49
AP900815-0044	84	1577	50
AP900815-0044	85	1578	51
AP900815-0044	87	1580	52
AP900815-0044	88	1581	53
AP900815-0044	90	1582	54
AP900815-0044	91	1583	55
AP900815-0044	92	1584	56
AP900815-0044	93	1585	57
AP900815-0044	94	1586	58
AP900815-0044	97	1589	59
AP900815-0044	98	1590	60
AP900815-0044	99	1591	61
AP900815-0044	100	1592	62
AP900815-0044	101	1593	63
AP900815-0044	102	1594	64
AP900815-0044	104	1596	65
AP900815-0044	106	1597	66
AP900815-0044	107	1598	67
AP900815-0044	110	1599	68
AP900815-0044	112	1601	69
AP900815-0044	113	1602	70
AP900815-0044	116	1603	71
AP900815-0044	117	1604	72
AP900815-0044	767	1605	73
AP900815-0044	118	1606	74
AP900815-0044	119	1607	75
AP900815-0044	121	1608	76
AP900815-0044	122	1609	77
AP900815-0044	123	1610	78
AP900815-0044	124	1611	79
AP900815-0044	126	1613	80
AP900815-0044	128	1615	81
AP900815-0044	129	1616	82
AP900815-0044	130	1617	83
AP900815-0044	131	1618	84
AP900815-0044	132	1619	85
AP900815-0044	133	1620	86
AP900815-0044	134	1621	87
AP900815-0044	136	1622	88
AP900815-0044	137	1623	89
AP900815-0044	138	1624	90
AP900815-0044	139	1625	91
AP900815-0044	144	1628	92
AP900815-0044	146	1629	93
AP900815-0044	147	1630	94
AP900815-0044	148	1631	95
AP900815-0044	149	1632	96
AP900815-0044	150	1633	97
AP900815-0044	152	1634	98
AP900815-0044	153	1635	99
AP900815-0044	156	1638	100
AP900815-0044	158	1639	101
AP900815-0044	159	1640	102
AP900815-0044	941	1641	103
AP900815-0044	160	1642	104
AP900815-0044	165	1643	105
AP900815-0044	166	1644	106
AP900815-0044	167	1645	107
AP900815-0044	168	1646	108
AP900815-0044	171	1648	109
AP900815-0044	173	1650	110
AP900815-0044	175	1651	111
AP900815-0044	177	1652	112
AP900815-0044	178	1653	113
AP900815-0044	180	1655	114
AP900815-0044	181	1656	115
AP900815-0044	182	1657	116
AP900815-0044	183	1658	117
AP900815-0044	184	1659	118
AP900815-0044	185	1660	119
AP900815-0044	186	1661	120
AP900815-0044	187	1662	121
AP900815-0044	190	1663	122
AP900815-0044	1078	1664	123
AP900815-0044	193	1665	124
AP900815-0044	196	1666	125
AP900815-0044	198	1667	126
AP900815-0044	199	1668	127
AP900815-0044	200	1669	128
AP900815-0044	201	1670	129
AP900815-0044	202	1671	130
AP900815-0044	203	1672	131
AP900815-0044	206	1673	132
AP900815-0044	207	1674	133
AP900815-0044	208	1675	134
AP900815-0044	209	1676	135
AP900815-0044	211	1677	136
AP900815-0044	214	1678	137
AP900815-0044	216	1679	138
AP900815-0044	217	1680	139
AP900815-0044	218	1681	140
AP900815-0044	219	1682	141
AP900815-0044	220	1683	142
AP900815-0044	221	1684	143
AP900815-0044	223	1685	144
AP900815-0044	225	1686	145
AP900815-0044	230	1689	146
AP900815-0044	231	1690	147
AP900815-0044	232	1691	148
AP900815-0044	234	1693	149
AP900815-0044	235	1694	150
AP900815-0044	236	1695	151
AP900815-0044	238	1697	152
AP900815-0044	240	1698	153
AP900815-0044	241	1699	154
AP900815-0044	242	1700	155
AP900815-0044	244	1702	156
AP900815-0044	245	1703	157
AP900815-0044	246	1704	158
AP900815-0044	247	1705	159
AP900815-0044	249	1707	160
AP900815-0044	253	1709	161
AP900815-0044	254	1710	162
AP900815-0044	255	1711	163
AP900815-0044	256	1712	164
AP900815-0044	257	1713	165
AP900815-0044	258	1714	166
AP900815-0044	259	1715	167
AP900815-0044	260	1716	168
AP900815-0044	261	1717	169
AP900815-0044	262	1718	170
AP900815-0044	263	1719	171
AP900815-0044	266	1721	172
AP900815-0044	267	1722	173
AP900815-0044	268	1723	174
AP900815-0044	273	1725	175
AP900815-0044	274	1726	176
AP900815-0044	279	1728	177
AP900815-0044	281	1730	178
AP900815-0044	283	1732	179
AP900815-0044	284	1733	180
AP900815-0044	285	1734	181
AP900815-0044	290	1736	182
AP900815-0044	291	1737	183
AP900815-0044	292	1738	184
AP900815-0044	293	1739	185
AP900815-0044	294	1740	186
AP900815-0044	295	1741	187
AP900815-0044	296	1742	188
AP900815-0044	297	1743	189
AP900816-0139	199	1522	0
AP900816-0139	1	1523	1
AP900816-0139	3	1524	2
AP900816-0139	4	1526	3
AP900816-0139	202	1528	4
AP900816-0139	5	1529	5
AP900816-0139	7	1531	6
AP900816-0139	8	1532	7
AP900816-0139	11	1533	8
AP900816-0139	12	1534	9
AP900816-0139	205	1536	10
AP900816-0139	206	1537	11
AP900816-0139	207	1538	12
AP900816-0139	13	1539	13
AP900816-0139	208	1540	14
AP900816-0139	209	1541	15
AP900816-0139	210	1542	16
AP900816-0139	14	1543	17
AP900816-0139	15	1544	18
AP900816-0139	17	1546	19
AP900816-0139	19	1547	20
AP900816-0139	20	1548	21
AP900816-0139	21	1549	22
AP900816-0139	213	1550	23
AP900816-0139	25	1551	24
AP900816-0139	26	1553	25
AP900816-0139	29	1555	26
AP900816-0139	216	1556	27
AP900816-0139	30	1557	28
AP900816-0139	217	1558	29
AP900816-0139	220	1560	30
AP900816-0139	32	1561	31
AP900816-0139	33	1562	32
AP900816-0139	35	1566	33
AP900816-0139	36	1567	34
AP900816-0139	37	1569	35
AP900816-0139	38	1570	36
AP900816-0139	39	1571	37
AP900816-0139	40	1572	38
AP900816-0139	41	1573	39
AP900816-0139	42	1574	40
AP900816-0139	43	1575	41
AP900816-0139	225	1576	42
AP900816-0139	44	1577	43
AP900816-0139	45	1578	44
AP900816-0139	47	1579	45
AP900816-0139	227	1581	46
AP900816-0139	48	1582	47
AP900816-0139	49	1583	48
AP900816-0139	51	1586	49
AP900816-0139	52	1587	50
AP900816-0139	53	1589	51
AP900816-0139	54	1590	52
AP900816-0139	55	1591	53
AP900816-0139	239	1594	54
AP900816-0139	56	1595	55
AP900816-0139	1507	1742	56
AP900816-0139	237	1597	57
AP900816-0139	57	1598	58
AP900816-0139	58	1600	59
AP900816-0139	242	1601	60
AP900816-0139	59	1602	61
AP900816-0139	61	1603	62
AP900816-0139	320	1604	63
AP900816-0139	63	1605	64
AP900816-0139	64	1606	65
AP900816-0139	65	1607	66
AP900816-0139	67	1609	67
AP900816-0139	69	1610	68
AP900816-0139	70	1611	69
AP900816-0139	71	1612	70
AP900816-0139	72	1614	71
AP900816-0139	73	1615	72
AP900816-0139	76	1617	73
AP900816-0139	246	1618	74
AP900816-0139	77	1619	75
AP900816-0139	78	1621	76
AP900816-0139	80	1622	77
AP900816-0139	83	1624	78
AP900816-0139	249	1625	79
AP900816-0139	84	1626	80
AP900816-0139	250	1627	81
AP900816-0139	251	1628	82
AP900816-0139	85	1630	83
AP900816-0139	86	1631	84
AP900816-0139	87	1632	85
AP900816-0139	89	1633	86
AP900816-0139	90	1635	87
AP900816-0139	91	1636	88
AP900816-0139	253	1637	89
AP900816-0139	254	1638	90
AP900816-0139	95	1639	91
AP900816-0139	96	1640	92
AP900816-0139	97	1641	93
AP900816-0139	98	1642	94
AP900816-0139	99	1643	95
AP900816-0139	255	1644	96
AP900816-0139	256	1645	97
AP900816-0139	102	1646	98
AP900816-0139	103	1647	99
AP900816-0139	104	1648	100
AP900816-0139	257	1649	101
AP900816-0139	107	1650	102
AP900816-0139	109	1651	103
AP900816-0139	110	1652	104
AP900816-0139	111	1653	105
AP900816-0139	258	1654	106
AP900816-0139	114	1655	107
AP900816-0139	115	1656	108
AP900816-0139	117	1657	109
AP900816-0139	1138	1658	110
AP900816-0139	122	1659	111
AP900816-0139	259	1660	112
AP900816-0139	123	1661	113
AP900816-0139	125	1663	114
AP900816-0139	126	1664	115
AP900816-0139	261	1665	116
AP900816-0139	127	1666	117
AP900816-0139	128	1667	118
AP900816-0139	129	1668	119
AP900816-0139	262	1669	120
AP900816-0139	263	1670	121
AP900816-0139	1214	1671	122
AP900816-0139	134	1672	123
AP900816-0139	135	1673	124
AP900816-0139	136	1674	125
AP900816-0139	137	1675	126
AP900816-0139	138	1676	127
AP900816-0139	139	1677	128
AP900816-0139	140	1679	129
AP900816-0139	266	1680	130
AP900816-0139	142	1681	131
AP900816-0139	267	1682	132
AP900816-0139	143	1683	133
AP900816-0139	144	1684	134
AP900816-0139	145	1685	135
AP900816-0139	147	1686	136
AP900816-0139	148	1687	137
AP900816-0139	149	1688	138
AP900816-0139	1307	1690	139
AP900816-0139	1306	1692	140
AP900816-0139	152	1694	141
AP900816-0139	153	1695	142
AP900816-0139	156	1697	143
AP900816-0139	158	1698	144
AP900816-0139	159	1699	145
AP900816-0139	161	1701	146
AP900816-0139	165	1703	147
AP900816-0139	166	1704	148
AP900816-0139	271	1705	149
AP900816-0139	169	1706	150
AP900816-0139	272	1707	151
AP900816-0139	170	1708	152
AP900816-0139	171	1709	153
AP900816-0139	173	1710	154
AP900816-0139	175	1711	155
AP900816-0139	274	1712	156
AP900816-0139	177	1714	157
AP900816-0139	276	1715	158
AP900816-0139	178	1716	159
AP900816-0139	179	1717	160
AP900816-0139	180	1718	161
AP900816-0139	3000	0	162
AP900816-0139	278	1720	163
AP900816-0139	185	1721	164
AP900816-0139	186	1722	165
AP900816-0139	279	1723	166
AP900816-0139	188	1724	167
AP900816-0139	189	1725	168
AP900816-0139	280	1727	169
AP900816-0139	190	1728	170
AP900816-0139	282	1729	171
AP900816-0139	192	1730	172
AP900816-0139	193	1731	173
AP900816-0139	283	1732	174
AP900816-0139	194	1733	175
AP900816-0139	195	1736	176
AP900816-0139	286	1737	177
AP900816-0139	198	1738	178
APW19980213.1310	1	2000	0
APW19980213.1310	2	2001	1
APW19980213.1310	4	2002	2
APW19980213.1310	5	2003	3
APW19980213.1310	7	2004	4
APW19980213.1310	9	2006	5
APW19980213.1310	10	2007	6
APW19980213.1310	11	2008	7
APW19980213.1310	12	2009	8
APW19980213.1310	13	2010	9
APW19980213.1310	14	2011	10
APW19980213.1310	15	2012	11
APW19980213.1310	16	2013	12
APW19980213.1310	17	2014	13
APW19980213.1310	18	2015	14
APW19980213.1310	19	2016	15
APW19980213.1310	21	2017	16
APW19980213.1310	24	2019	17
APW19980213.1310	25	2020	18
APW19980213.1310	26	2021	19
APW19980213.1310	27	2022	20
APW19980213.1310	28	2023	21
APW19980213.1310	30	2024	22
APW19980213.1310	31	2025	23
APW19980213.1310	32	2026	24
APW19980213.1310	33	2027	25
APW19980213.1310	35	2028	26
APW19980213.1310	36	2029	27
APW19980213.1310	37	2030	28
APW19980213.1310	41	2032	29
APW19980213.1310	115	2033	30
APW19980213.1310	42	2034	31
APW19980213.1310	43	2035	32
APW19980213.1310	45	2036	33
APW19980213.1310	46	2037	34
APW19980213.1310	48	2038	35
APW19980213.1310	49	2039	36
APW19980213.1310	50	2040	37
APW19980213.1310	51	2041	38
APW19980213.1310	52	2042	39
APW19980213.1310	53	2043	40
APW19980213.1310	3000	0	41
APW19980213.1310	58	2046	42
APW19980213.1310	319	2047	43
APW19980213.1310	62	2049	44
APW19980213.1310	64	2051	45
APW19980213.1310	65	2052	46
APW19980213.1310	66	2055	47
APW19980213.1310	374	2056	48
APW19980213.1310	67	2057	49
APW19980213.1310	68	2058	50
APW19980213.1310	69	2059	51
APW19980213.1310	387	2060	52
APW19980213.1310	70	2061	53
APW19980213.1310	72	2062	54
APW19980213.1310	73	2063	55
APW19980213.1310	75	2065	56
APW19980213.1310	78	2067	57
APW19980213.1310	79	2069	58
APW19980213.1310	82	2070	59
APW19980213.1310	85	2071	60
APW19980213.1310	86	2072	61
APW19980213.1310	87	2073	62
APW19980213.1310	88	2074	63
APW19980213.1310	95	2076	64
APW19980213.1310	97	2077	65
APW19980213.1310	98	2078	66
APW19980213.1310	99	2079	67
APW19980213.1320	1	321	0
APW19980213.1320	2	322	1
APW19980213.1320	26	324	2
APW19980213.1320	28	325	3
APW19980213.1320	5	326	4
APW19980213.1320	30	328	5
APW19980213.1320	7	329	6
APW19980213.1320	8	331	7
APW19980213.1320	9	334	8
APW19980213.1320	10	336	9
APW19980213.1320	11	338	10
APW19980213.1320	12	340	11
APW19980213.1320	65	341	12
APW19980213.1320	14	342	13
APW19980213.1320	16	344	14
APW19980213.1320	17	345	15
APW19980213.1320	18	346	16
APW19980213.1320	20	348	17
APW19980213.1320	21	349	18
APW19980213.1320	22	350	19
APW19980213.1320	25	352	20
APW19980213.1380	1	305	0
APW19980213.1380	2	307	1
APW19980213.1380	3	308	2
APW19980213.1380	4	310	3
APW19980213.1380	6	313	4
APW19980213.1380	8	314	5
APW19980213.1380	9	315	6
APW19980213.1380	10	316	7
APW19980213.1380	11	317	8
APW19980213.1380	12	318	9
APW19980213.1380	13	319	10
APW19980213.1380	47	321	11
APW19980213.1380	14	322	12
APW19980213.1380	15	323	13
APW19980213.1380	48	324	14
APW19980213.1380	50	325	15
APW19980213.1380	17	326	16
APW19980213.1380	51	327	17
APW19980213.1380	18	328	18
APW19980213.1380	20	329	19
APW19980213.1380	21	330	20
APW19980213.1380	22	331	21
APW19980213.1380	23	332	22
APW19980213.1380	25	333	23
APW19980213.1380	26	334	24
APW19980213.1380	27	335	25
APW19980213.1380	28	336	26
APW19980213.1380	29	337	27
APW19980213.1380	276	338	28
APW19980219.0476	1	2455	0
APW19980219.0476	2	2456	1
APW19980219.0476	4	2457	2
APW19980219.0476	5	2458	3
APW19980219.0476	146	2459	4
APW19980219.0476	7	2460	5
APW19980219.0476	9	2461	6
APW19980219.0476	10	2462	7
APW19980219.0476	12	2463	8
APW19980219.0476	14	2464	9
APW19980219.0476	15	2465	10
APW19980219.0476	148	2466	11
APW19980219.0476	18	2468	12
APW19980219.0476	150	2469	13
APW19980219.0476	21	2470	14
APW19980219.0476	22	2471	15
APW19980219.0476	23	2472	16
APW19980219.0476	24	2473	17
APW19980219.0476	26	2474	18
APW19980219.0476	27	2475	19
APW19980219.0476	28	2476	20
APW19980219.0476	30	2477	21
APW19980219.0476	31	2478	22
APW19980219.0476	32	2479	23
APW19980219.0476	33	2480	24
APW19980219.0476	40	2487	25
APW19980219.0476	41	2488	26
APW19980219.0476	42	2489	27
APW19980219.0476	2446	2490	28
APW19980219.0476	48	2491	29
APW19980219.0476	49	2492	30
APW19980219.0476	52	2493	31
APW19980219.0476	53	2494	32
APW19980219.0476	55	2495	33
APW19980219.0476	2447	2543	34
APW19980219.0476	56	2497	35
APW19980219.0476	58	2498	36
APW19980219.0476	59	2499	37
APW19980219.0476	64	2500	38
APW19980219.0476	160	2501	39
APW19980219.0476	65	2502	40
APW19980219.0476	66	2503	41
APW19980219.0476	68	2504	42
APW19980219.0476	69	2505	43
APW19980219.0476	71	2506	44
APW19980219.0476	72	2507	45
APW19980219.0476	162	2508	46
APW19980219.0476	76	2509	47
APW19980219.0476	78	2510	48
APW19980219.0476	79	2511	49
APW19980219.0476	80	2512	50
APW19980219.0476	83	2513	51
APW19980219.0476	85	2514	52
APW19980219.0476	2227	2515	53
APW19980219.0476	87	2516	54
APW19980219.0476	88	2517	55
APW19980219.0476	89	2518	56
APW19980219.0476	164	2519	57
APW19980219.0476	2396	2520	58
APW19980219.0476	90	2521	59
APW19980219.0476	91	2522	60
APW19980219.0476	93	2523	61
APW19980219.0476	94	2524	62
APW19980219.0476	95	2525	63
APW19980219.0476	166	2526	64
APW19980219.0476	96	2527	65
APW19980219.0476	98	2528	66
APW19980219.0476	99	2529	67
APW19980219.0476	101	2530	68
APW19980219.0476	103	2531	69
APW19980219.0476	104	2532	70
APW19980219.0476	105	2533	71
APW19980219.0476	2448	2544	72
APW19980219.0476	106	2535	73
APW19980219.0476	109	2536	74
APW19980219.0476	110	2537	75
APW19980219.0476	111	2538	76
APW19980219.0476	112	2539	77
APW19980219.0476	116	2540	78
APW19980219.0476	117	2541	79
APW19980219.0476	118	2542	80
APW19980227.0468	1	104	0
APW19980227.0468	2	116	1
APW19980227.0468	3	107	2
APW19980227.0468	6	108	3
APW19980227.0468	91	109	4
APW19980227.0468	55	110	5
APW19980227.0468	7	111	6
APW19980227.0468	8	112	7
APW19980227.0468	9	113	8
APW19980227.0468	10	114	9
APW19980227.0468	79	115	10
APW19980227.0476	1	2091	0
APW19980227.0476	1996	2092	1
APW19980227.0476	2	2093	2
APW19980227.0476	1997	2094	3
APW19980227.0476	3	2095	4
APW19980227.0476	4	2096	5
APW19980227.0476	5	2097	6
APW19980227.0476	6	2098	7
APW19980227.0476	8	2099	8
APW19980227.0476	1998	2100	9
APW19980227.0476	9	2101	10
APW19980227.0476	10	2102	11
APW19980227.0476	1999	2103	12
APW19980227.0476	12	2104	13
APW19980227.0476	13	2105	14
APW19980227.0476	14	2107	15
APW19980227.0476	15	2108	16
APW19980227.0476	16	2109	17
CNN19980222.1130.0084	1	156	0
CNN19980222.1130.0084	2	157	1
CNN19980222.1130.0084	4	158	2
CNN19980222.1130.0084	96	159	3
CNN19980222.1130.0084	5	160	4
CNN19980222.1130.0084	6	162	5
CNN19980222.1130.0084	7	163	6
CNN19980222.1130.0084	8	164	7
CNN19980222.1130.0084	35	165	8
CNN19980222.1130.0084	9	166	9
CNN19980222.1130.0084	73	167	10
CNN19980222.1130.0084	129	168	11
CNN19980222.1130.0084	46	169	12
CNN19980222.1130.0084	13	170	13
CNN19980222.1130.0084	140	171	14
CNN19980222.1130.0084	14	172	15
CNN19980227.2130.0067	4	1998	0
CNN19980227.2130.0067	91	1999	1
CNN19980227.2130.0067	6	2000	2
CNN19980227.2130.0067	8	2001	3
CNN19980227.2130.0067	11	2003	4
CNN19980227.2130.0067	12	2004	5
CNN19980227.2130.0067	149	2005	6
CNN19980227.2130.0067	16	2006	7
CNN19980227.2130.0067	17	2007	8
CNN19980227.2130.0067	98	2008	9
CNN19980227.2130.0067	22	2009	10
CNN19980227.2130.0067	23	2010	11
CNN19980227.2130.0067	25	2011	12
CNN19980227.2130.0067	27	2012	13
CNN19980227.2130.0067	28	2013	14
CNN19980227.2130.0067	30	2014	15
CNN19980227.2130.0067	33	2015	16
CNN19980227.2130.0067	34	2016	17
CNN19980227.2130.0067	36	2017	18
CNN19980227.2130.0067	37	2018	19
CNN19980227.2130.0067	38	2019	20
CNN19980227.2130.0067	42	2020	21
CNN19980227.2130.0067	44	2021	22
CNN19980227.2130.0067	45	2022	23
CNN19980227.2130.0067	101	2023	24
CNN19980227.2130.0067	46	2024	25
CNN19980227.2130.0067	49	2025	26
CNN19980227.2130.0067	53	2028	27
CNN19980227.2130.0067	54	2030	28
CNN19980227.2130.0067	55	2031	29
CNN19980227.2130.0067	105	2032	30
CNN19980227.2130.0067	106	2034	31
CNN19980227.2130.0067	61	2035	32
CNN19980227.2130.0067	63	2036	33
CNN19980227.2130.0067	64	2037	34
CNN19980227.2130.0067	66	2038	35
CNN19980227.2130.0067	109	2039	36
CNN19980227.2130.0067	67	2040	37
CNN19980227.2130.0067	68	2041	38
CNN19980227.2130.0067	69	2042	39
CNN19980227.2130.0067	72	2043	40
CNN19980227.2130.0067	73	2045	41
CNN19980227.2130.0067	74	2046	42
CNN19980227.2130.0067	76	2047	43
CNN19980227.2130.0067	77	2048	44
CNN19980227.2130.0067	111	2049	45
CNN19980227.2130.0067	79	2050	46
CNN19980227.2130.0067	80	2051	47
CNN19980227.2130.0067	82	2052	48
NYT19980206.0460	1	2184	0
NYT19980206.0460	4	2185	1
NYT19980206.0460	6	2186	2
NYT19980206.0460	7	2187	3
NYT19980206.0460	224	2188	4
NYT19980206.0460	228	2189	5
NYT19980206.0460	9	2190	6
NYT19980206.0460	10	2191	7
NYT19980206.0460	12	2192	8
NYT19980206.0460	15	2193	9
NYT19980206.0460	17	2194	10
NYT19980206.0460	229	2195	11
NYT19980206.0460	231	2196	12
NYT19980206.0460	20	2197	13
NYT19980206.0460	23	2198	14
NYT19980206.0460	24	2199	15
NYT19980206.0460	26	2200	16
NYT19980206.0460	2018	2201	17
NYT19980206.0460	27	2202	18
NYT19980206.0460	28	2203	19
NYT19980206.0460	30	2204	20
NYT19980206.0460	31	2205	21
NYT19980206.0460	32	2206	22
NYT19980206.0460	34	2207	23
NYT19980206.0460	35	2208	24
NYT19980206.0460	37	2209	25
NYT19980206.0460	232	2210	26
NYT19980206.0460	39	2211	27
NYT19980206.0460	40	2212	28
NYT19980206.0460	41	2213	29
NYT19980206.0460	43	2214	30
NYT19980206.0460	44	2215	31
NYT19980206.0460	45	2216	32
NYT19980206.0460	46	2217	33
NYT19980206.0460	47	2218	34
NYT19980206.0460	52	2220	35
NYT19980206.0460	53	2221	36
NYT19980206.0460	55	2222	37
NYT19980206.0460	57	2223	38
NYT19980206.0460	61	2224	39
NYT19980206.0460	246	2225	40
NYT19980206.0460	62	2226	41
NYT19980206.0460	63	2227	42
NYT19980206.0460	65	2228	43
NYT19980206.0460	66	2229	44
NYT19980206.0460	69	2230	45
NYT19980206.0460	70	2231	46
NYT19980206.0460	250	2232	47
NYT19980206.0460	72	2233	48
NYT19980206.0460	75	2234	49
NYT19980206.0460	78	2235	50
NYT19980206.0460	395	2236	51
NYT19980206.0460	81	2237	52
NYT19980206.0460	85	2238	53
NYT19980206.0460	89	2239	54
NYT19980206.0460	251	2240	55
NYT19980206.0460	93	2241	56
NYT19980206.0460	95	2242	57
NYT19980206.0460	96	2243	58
NYT19980206.0460	98	2244	59
NYT19980206.0460	99	2245	60
NYT19980206.0460	100	2246	61
NYT19980206.0460	101	2247	62
NYT19980206.0460	102	2248	63
NYT19980206.0460	104	2249	64
NYT19980206.0460	105	2250	65
NYT19980206.0460	107	2251	66
NYT19980206.0460	109	2252	67
NYT19980206.0460	115	2253	68
NYT19980206.0460	254	2254	69
NYT19980206.0460	117	2255	70
NYT19980206.0460	256	2256	71
NYT19980206.0460	122	2257	72
NYT19980206.0460	257	2258	73
NYT19980206.0460	134	2259	74
NYT19980206.0460	137	2260	75
NYT19980206.0460	140	2261	76
NYT19980206.0460	258	2262	77
NYT19980206.0460	145	2263	78
NYT19980206.0460	146	2264	79
NYT19980206.0460	148	2265	80
NYT19980206.0460	151	2266	81
NYT19980206.0460	259	2267	82
NYT19980206.0460	155	2268	83
NYT19980206.0460	160	2269	84
NYT19980206.0460	162	2270	85
NYT19980206.0460	163	2271	86
NYT19980206.0460	164	2272	87
NYT19980206.0460	166	2274	88
NYT19980206.0460	168	2276	89
NYT19980206.0460	169	2277	90
NYT19980206.0460	171	2278	91
NYT19980206.0460	174	2279	92
NYT19980206.0460	176	2280	93
NYT19980206.0460	178	2281	94
NYT19980206.0460	179	2282	95
NYT19980206.0460	181	2283	96
NYT19980206.0460	183	2284	97
NYT19980206.0460	186	2285	98
NYT19980206.0460	187	2286	99
NYT19980206.0466	44	512	0
NYT19980206.0466	8	516	1
NYT19980206.0466	50	520	2
NYT19980206.0466	11	525	3
NYT19980206.0466	57	527	4
NYT19980206.0466	13	529	5
NYT19980206.0466	16	530	6
NYT19980206.0466	58	531	7
NYT19980206.0466	59	532	8
NYT19980206.0466	17	533	9
NYT19980206.0466	60	534	10
NYT19980206.0466	61	535	11
NYT19980206.0466	62	536	12
NYT19980206.0466	18	537	13
NYT19980206.0466	19	538	14
NYT19980206.0466	20	539	15
NYT19980206.0466	65	542	16
NYT19980206.0466	21	543	17
NYT19980206.0466	66	544	18
NYT19980206.0466	67	545	19
NYT19980206.0466	69	546	20
NYT19980206.0466	23	547	21
NYT19980206.0466	24	548	22
NYT19980206.0466	25	549	23
NYT19980206.0466	26	550	24
NYT19980206.0466	80	552	25
NYT19980206.0466	27	553	26
NYT19980206.0466	81	554	27
NYT19980206.0466	83	555	28
PRI19980121.2000.2591	1985	1998	0
PRI19980121.2000.2591	2	2000	1
PRI19980121.2000.2591	4	2001	2
PRI19980121.2000.2591	5	2002	3
PRI19980121.2000.2591	6	2004	4
PRI19980121.2000.2591	10	2006	5
PRI19980121.2000.2591	11	2007	6
PRI19980121.2000.2591	12	2008	7
PRI19980121.2000.2591	1989	2009	8
PRI19980121.2000.2591	19	2010	9
PRI19980121.2000.2591	22	2013	10
PRI19980121.2000.2591	25	2015	11
PRI19980121.2000.2591	26	2016	12
PRI19980121.2000.2591	30	2019	13
PRI19980205.2000.1890	1	158	0
PRI19980205.2000.1890	2	159	1
PRI19980205.2000.1890	32	160	2
PRI19980205.2000.1890	3	161	3
PRI19980205.2000.1890	4	162	4
PRI19980205.2000.1890	6	163	5
PRI19980205.2000.1890	7	164	6
PRI19980205.2000.1890	8	165	7
PRI19980205.2000.1890	9	166	8
PRI19980205.2000.1890	11	167	9
PRI19980205.2000.1890	13	168	10
PRI19980205.2000.1890	14	169	11
PRI19980205.2000.1890	34	171	12
PRI19980205.2000.1890	19	174	13
PRI19980205.2000.1890	21	175	14
PRI19980205.2000.1890	24	176	15
PRI19980205.2000.1890	38	177	16
PRI19980205.2000.1890	27	178	17
PRI19980205.2000.1890	28	179	18
PRI19980205.2000.1890	29	180	19
PRI19980205.2000.1998	1	2001	0
PRI19980205.2000.1998	4	2003	1
PRI19980205.2000.1998	6	2005	2
PRI19980205.2000.1998	7	2006	3
PRI19980205.2000.1998	9	2007	4
PRI19980205.2000.1998	10	2009	5
PRI19980205.2000.1998	12	2011	6
PRI19980205.2000.1998	14	2012	7
PRI19980205.2000.1998	19	2013	8
PRI19980205.2000.1998	22	2015	9
PRI19980205.2000.1998	24	2016	10
PRI19980205.2000.1998	25	2017	11
PRI19980205.2000.1998	49	2018	12
PRI19980205.2000.1998	28	2019	13
PRI19980213.2000.0313	1	203	0
PRI19980213.2000.0313	40	204	1
PRI19980213.2000.0313	3	205	2
PRI19980213.2000.0313	41	206	3
PRI19980213.2000.0313	42	207	4
PRI19980213.2000.0313	5	208	5
PRI19980213.2000.0313	6	209	6
PRI19980213.2000.0313	8	211	7
PRI19980213.2000.0313	9	212	8
PRI19980213.2000.0313	43	213	9
PRI19980213.2000.0313	11	214	10
PRI19980213.2000.0313	16	216	11
PRI19980213.2000.0313	17	217	12
PRI19980213.2000.0313	18	218	13
PRI19980213.2000.0313	19	219	14
PRI19980213.2000.0313	45	220	15
PRI19980213.2000.0313	20	221	16
PRI19980213.2000.0313	21	222	17
PRI19980213.2000.0313	23	223	18
PRI19980213.2000.0313	25	224	19
PRI19980213.2000.0313	29	225	20
PRI19980213.2000.0313	31	226	21
PRI19980213.2000.0313	32	227	22
PRI19980213.2000.0313	33	228	23
PRI19980213.2000.0313	47	230	24
PRI19980213.2000.0313	36	231	25
ea980120.1830.0071	116	242	0
ea980120.1830.0071	61	199	1
ea980120.1830.0071	62	200	2
ea980120.1830.0071	117	243	3
ea980120.1830.0071	3	202	4
ea980120.1830.0071	4	203	5
ea980120.1830.0071	65	205	6
ea980120.1830.0071	8	206	7
ea980120.1830.0071	9	207	8
ea980120.1830.0071	11	208	9
ea980120.1830.0071	15	209	10
ea980120.1830.0071	66	212	11
ea980120.1830.0071	16	214	12
ea980120.1830.0071	17	216	13
ea980120.1830.0071	3000	0	14
ea980120.1830.0071	23	219	15
ea980120.1830.0071	24	220	16
ea980120.1830.0071	25	221	17
ea980120.1830.0071	26	222	18
ea980120.1830.0071	28	223	19
ea980120.1830.0071	29	224	20
ea980120.1830.0071	3001	0	21
ea980120.1830.0071	31	226	22
ea980120.1830.0071	32	227	23
ea980120.1830.0071	70	228	24
ea980120.1830.0071	33	229	25
ea980120.1830.0071	34	230	26
ea980120.1830.0071	36	231	27
ea980120.1830.0071	38	232	28
ea980120.1830.0071	40	234	29
ea980120.1830.0071	72	235	30
ea980120.1830.0071	41	236	31
ea980120.1830.0071	42	237	32
ea980120.1830.0071	43	238	33
ea980120.1830.0071	44	239	34
ea980120.1830.0071	46	240	35
ea980120.1830.0071	49	241	36
ea980120.1830.0456	1	99	0
ea980120.1830.0456	2	100	1
ea980120.1830.0456	5	102	2
ea980120.1830.0456	6	103	3
ea980120.1830.0456	7	104	4
ea980120.1830.0456	20	111	5
ea980120.1830.0456	9	107	6
ea980120.1830.0456	10	108	7
ea980120.1830.0456	11	109	8
ea980120.1830.0456	12	110	9
APW19980227.0487	1	388	0
APW19980227.0487	2	389	1
APW19980227.0487	3	390	2
APW19980227.0487	4	391	3
APW19980227.0487	8	393	4
APW19980227.0487	9	394	5
APW19980227.0487	10	395	6
APW19980227.0487	12	397	7
APW19980227.0487	13	398	8
APW19980227.0487	15	399	9
APW19980227.0487	16	400	10
APW19980227.0487	17	401	11
APW19980227.0487	18	402	12
APW19980227.0487	19	403	13
APW19980227.0487	20	404	14
APW19980227.0487	21	405	15
APW19980227.0487	22	406	16
APW19980227.0487	23	407	17
APW19980227.0487	24	408	18
APW19980227.0487	25	409	19
APW19980227.0487	26	410	20
APW19980227.0487	27	411	21
APW19980227.0487	28	412	22
APW19980227.0487	29	413	23
APW19980227.0487	30	414	24
APW19980227.0487	34	416	25
APW19980227.0487	35	417	26
APW19980227.0487	36	418	27
APW19980227.0487	37	419	28
APW19980227.0487	38	420	29
APW19980227.0487	39	421	30
APW19980227.0487	40	422	31
APW19980227.0487	41	423	32
APW19980227.0487	42	424	33
APW19980227.0487	43	425	34
APW19980227.0487	44	426	35
APW19980227.0487	45	427	36
APW19980227.0487	46	428	37
APW19980227.0487	48	430	38
APW19980227.0487	49	431	39
APW19980227.0487	50	432	40
APW19980227.0487	51	433	41
APW19980227.0487	53	435	42
APW19980227.0487	54	436	43
APW19980227.0487	56	437	44
APW19980227.0487	57	438	45
APW19980227.0487	58	439	46
APW19980227.0487	59	440	47
APW19980227.0487	60	441	48
APW19980227.0487	61	442	49
APW19980227.0487	62	443	50
APW19980227.0487	63	444	51
APW19980227.0487	64	445	52
APW19980227.0487	65	446	53
APW19980227.0487	66	447	54
CNN19980223.1130.0960	26	148	0
CNN19980223.1130.0960	1	149	1
CNN19980223.1130.0960	27	150	2
CNN19980223.1130.0960	28	151	3
CNN19980223.1130.0960	29	152	4
CNN19980223.1130.0960	34	154	5
CNN19980223.1130.0960	33	155	6
CNN19980223.1130.0960	37	156	7
CNN19980223.1130.0960	10	159	8
CNN19980223.1130.0960	11	160	9
CNN19980223.1130.0960	12	161	10
CNN19980223.1130.0960	13	162	11
CNN19980223.1130.0960	14	163	12
CNN19980223.1130.0960	15	165	13
CNN19980223.1130.0960	18	167	14
CNN19980223.1130.0960	39	168	15
NYT19980212.0019	1	210	0
NYT19980212.0019	2	211	1
NYT19980212.0019	4	212	2
NYT19980212.0019	6	213	3
NYT19980212.0019	7	214	4
NYT19980212.0019	9	215	5
NYT19980212.0019	49	216	6
NYT19980212.0019	10	217	7
NYT19980212.0019	11	218	8
NYT19980212.0019	12	219	9
NYT19980212.0019	13	220	10
NYT19980212.0019	14	221	11
NYT19980212.0019	15	222	12
NYT19980212.0019	17	223	13
NYT19980212.0019	18	224	14
NYT19980212.0019	19	225	15
NYT19980212.0019	20	226	16
NYT19980212.0019	50	227	17
NYT19980212.0019	21	228	18
NYT19980212.0019	22	229	19
NYT19980212.0019	51	230	20
NYT19980212.0019	25	231	21
NYT19980212.0019	26	232	22
NYT19980212.0019	27	233	23
NYT19980212.0019	29	234	24
NYT19980212.0019	30	235	25
NYT19980212.0019	34	236	26
NYT19980212.0019	35	237	27
NYT19980212.0019	36	238	28
NYT19980212.0019	39	239	29
NYT19980212.0019	40	240	30
PRI19980216.2000.0170	1	222	0
PRI19980216.2000.0170	2	223	1
PRI19980216.2000.0170	37	224	2
PRI19980216.2000.0170	27	225	3
PRI19980216.2000.0170	57	226	4
PRI19980216.2000.0170	6	227	5
PRI19980216.2000.0170	7	228	6
PRI19980216.2000.0170	74	229	7
PRI19980216.2000.0170	75	230	8
PRI19980216.2000.0170	8	231	9
PRI19980216.2000.0170	9	232	10
PRI19980216.2000.0170	60	233	11
PRI19980216.2000.0170	186	234	12
PRI19980216.2000.0170	46	235	13
PRI19980216.2000.0170	13	237	14
PRI19980216.2000.0170	14	238	15
PRI19980216.2000.0170	16	239	16
PRI19980216.2000.0170	18	240	17
PRI19980216.2000.0170	19	241	18
PRI19980216.2000.0170	20	242	19
PRI19980216.2000.0170	28	243	20
PRI19980216.2000.0170	22	244	21
PRI19980216.2000.0170	23	245	22
ed980111.1130.0089	21	152	0
ed980111.1130.0089	22	153	1
ed980111.1130.0089	25	154	2
ed980111.1130.0089	1	155	3
ed980111.1130.0089	2	156	4
ed980111.1130.0089	3	157	5
ed980111.1130.0089	27	158	6
ed980111.1130.0089	4	159	7
ed980111.1130.0089	5	160	8
ed980111.1130.0089	6	162	9
ed980111.1130.0089	7	163	10
ed980111.1130.0089	8	164	11
ed980111.1130.0089	9	165	12
ed980111.1130.0089	10	166	13
ed980111.1130.0089	32	167	14
ed980111.1130.0089	12	169	15
APW19980227.0489	2	2055	0
APW19980227.0489	3	2056	1
APW19980227.0489	4	2057	2
APW19980227.0489	5	2058	3
APW19980227.0489	6	2059	4
APW19980227.0489	7	2060	5
APW19980227.0489	8	2061	6
APW19980227.0489	9	2062	7
APW19980227.0489	10	2063	8
APW19980227.0489	11	2064	9
APW19980227.0489	12	2065	10
APW19980227.0489	14	2066	11
APW19980227.0489	15	2067	12
APW19980227.0489	16	2068	13
APW19980227.0489	17	2069	14
APW19980227.0489	18	2070	15
APW19980227.0489	19	2071	16
APW19980227.0489	20	2072	17
APW19980227.0489	22	2073	18
APW19980227.0489	24	2074	19
APW19980227.0489	25	2075	20
APW19980227.0489	27	2077	21
APW19980227.0489	29	2079	22
APW19980227.0489	30	2080	23
APW19980227.0489	31	2081	24
APW19980227.0489	32	2082	25
APW19980227.0489	33	2083	26
APW19980227.0489	34	2084	27
APW19980227.0489	35	2085	28
APW19980227.0494	1	2306	0
APW19980227.0494	2	2307	1
APW19980227.0494	3	2308	2
APW19980227.0494	4	2309	3
APW19980227.0494	8	2310	4
APW19980227.0494	10	2311	5
APW19980227.0494	11	2312	6
APW19980227.0494	12	2313	7
APW19980227.0494	15	2314	8
APW19980227.0494	16	2315	9
APW19980227.0494	17	2316	10
APW19980227.0494	18	2317	11
APW19980227.0494	20	2318	12
APW19980227.0494	22	2319	13
APW19980227.0494	28	2320	14
APW19980227.0494	29	2321	15
APW19980227.0494	32	2322	16
APW19980227.0494	34	2323	17
APW19980227.0494	37	2324	18
APW19980227.0494	41	2325	19
APW19980227.0494	43	2326	20
APW19980227.0494	44	2327	21
APW19980227.0494	45	2328	22
APW19980227.0494	46	2329	23
APW19980227.0494	48	2330	24
APW19980227.0494	50	2332	25
APW19980227.0494	53	2333	26
APW19980227.0494	55	2334	27
APW19980227.0494	56	2335	28
APW19980227.0494	58	2336	29
APW19980227.0494	59	2337	30
APW19980227.0494	61	2338	31
APW19980227.0494	62	2339	32
APW19980227.0494	64	2340	33
APW19980227.0494	65	2341	34
APW19980227.0494	66	2342	35
APW19980227.0494	69	2343	36
APW19980227.0494	156	2344	37
APW19980227.0494	71	2345	38
APW19980227.0494	72	2346	39
APW19980227.0494	74	2347	40
APW19980227.0494	75	2348	41
APW19980227.0494	77	2349	42
APW19980227.0494	82	2350	43
APW19980227.0494	83	2351	44
APW19980227.0494	84	2352	45
APW19980227.0494	86	2353	46
APW19980227.0494	87	2354	47
APW19980227.0494	89	2355	48
APW19980227.0494	90	2356	49
APW19980227.0494	92	2357	50
APW19980227.0494	93	2358	51
APW19980227.0494	98	2359	52
APW19980227.0494	158	2360	53
APW19980227.0494	99	2361	54
APW19980227.0494	101	2362	55
APW19980227.0494	102	2363	56
APW19980227.0494	105	2364	57
APW19980227.0494	106	2365	58
APW19980227.0494	107	2366	59
APW19980227.0494	111	2367	60
APW19980227.0494	112	2368	61
APW19980227.0494	113	2369	62
APW19980227.0494	114	2370	63
APW19980227.0494	116	2371	64
APW19980227.0494	118	2372	65
APW19980227.0494	119	2373	66
APW19980227.0494	121	2374	67
APW19980227.0494	123	2375	68
APW19980227.0494	125	2376	69
APW19980308.0201	2	193	0
APW19980308.0201	62	194	1
APW19980308.0201	47	195	2
APW19980308.0201	75	196	3
APW19980308.0201	76	197	4
APW19980308.0201	49	198	5
APW19980308.0201	77	199	6
APW19980308.0201	13	200	7
APW19980308.0201	14	201	8
APW19980308.0201	50	202	9
APW19980308.0201	116	203	10
APW19980308.0201	18	204	11
APW19980308.0201	22	205	12
APW19980308.0201	23	206	13
APW19980308.0201	25	207	14
APW19980308.0201	27	208	15
APW19980308.0201	29	210	16
APW19980308.0201	30	211	17
APW19980308.0201	31	212	18
APW19980308.0201	34	213	19
APW19980308.0201	72	215	20
APW19980308.0201	36	216	21
APW19980308.0201	38	217	22
APW19980308.0201	40	219	23
APW19980308.0201	41	220	24
APW19980418.0210	2	2126	0
APW19980418.0210	3	2127	1
APW19980418.0210	4	2128	2
APW19980418.0210	7	2129	3
APW19980418.0210	8	2130	4
APW19980418.0210	11	2132	5
APW19980418.0210	12	2133	6
APW19980418.0210	14	2134	7
APW19980418.0210	2000	2135	8
APW19980418.0210	15	2136	9
APW19980418.0210	16	2138	10
APW19980418.0210	17	2140	11
APW19980418.0210	21	2141	12
APW19980418.0210	22	2142	13
APW19980418.0210	23	2144	14
APW19980418.0210	24	2146	15
APW19980418.0210	25	2147	16
APW19980418.0210	26	2148	17
APW19980418.0210	27	2149	18
CNN19980126.1600.1104	1	255	0
CNN19980126.1600.1104	3	257	1
CNN19980126.1600.1104	39	258	2
CNN19980126.1600.1104	4	261	3
CNN19980126.1600.1104	7	262	4
CNN19980126.1600.1104	42	263	5
CNN19980126.1600.1104	9	265	6
CNN19980126.1600.1104	206	288	7
CNN19980126.1600.1104	14	268	8
CNN19980126.1600.1104	46	269	9
CNN19980126.1600.1104	22	274	10
CNN19980126.1600.1104	48	275	11
CNN19980126.1600.1104	24	276	12
CNN19980126.1600.1104	25	277	13
CNN19980126.1600.1104	27	279	14
CNN19980126.1600.1104	29	282	15
CNN19980126.1600.1104	204	283	16
CNN19980126.1600.1104	30	284	17
CNN19980126.1600.1104	52	285	18
CNN19980213.2130.0155	1	573	0
CNN19980213.2130.0155	2	574	1
CNN19980213.2130.0155	3	575	2
CNN19980213.2130.0155	4	576	3
CNN19980213.2130.0155	103	577	4
CNN19980213.2130.0155	6	578	5
CNN19980213.2130.0155	7	579	6
CNN19980213.2130.0155	9	580	7
CNN19980213.2130.0155	10	581	8
CNN19980213.2130.0155	13	582	9
CNN19980213.2130.0155	15	583	10
CNN19980213.2130.0155	17	584	11
CNN19980213.2130.0155	19	585	12
CNN19980213.2130.0155	21	586	13
CNN19980213.2130.0155	22	587	14
CNN19980213.2130.0155	23	588	15
CNN19980213.2130.0155	24	589	16
CNN19980213.2130.0155	26	590	17
CNN19980213.2130.0155	29	593	18
CNN19980213.2130.0155	31	594	19
CNN19980213.2130.0155	34	596	20
CNN19980213.2130.0155	35	597	21
CNN19980213.2130.0155	36	598	22
CNN19980213.2130.0155	39	599	23
CNN19980213.2130.0155	113	600	24
CNN19980213.2130.0155	40	601	25
CNN19980213.2130.0155	43	602	26
CNN19980213.2130.0155	45	603	27
CNN19980213.2130.0155	46	604	28
CNN19980213.2130.0155	47	605	29
CNN19980213.2130.0155	117	606	30
CNN19980213.2130.0155	118	607	31
CNN19980213.2130.0155	52	609	32
CNN19980213.2130.0155	54	610	33
CNN19980213.2130.0155	56	611	34
CNN19980213.2130.0155	57	612	35
CNN19980213.2130.0155	58	613	36
CNN19980213.2130.0155	60	617	37
CNN19980213.2130.0155	61	618	38
CNN19980213.2130.0155	62	619	39
CNN19980213.2130.0155	63	620	40
CNN19980213.2130.0155	67	621	41
CNN19980213.2130.0155	128	622	42
CNN19980213.2130.0155	129	623	43
CNN19980213.2130.0155	68	624	44
CNN19980213.2130.0155	70	625	45
CNN19980213.2130.0155	72	626	46
CNN19980213.2130.0155	73	627	47
CNN19980213.2130.0155	74	628	48
CNN19980213.2130.0155	137	629	49
CNN19980213.2130.0155	78	630	50
CNN19980213.2130.0155	141	631	51
CNN19980213.2130.0155	80	632	52
CNN19980213.2130.0155	144	633	53
CNN19980213.2130.0155	82	634	54
CNN19980213.2130.0155	84	635	55
CNN19980213.2130.0155	146	636	56
CNN19980213.2130.0155	87	637	57
NYT19980402.0453	1	2217	0
NYT19980402.0453	45	2218	1
NYT19980402.0453	2	2219	2
NYT19980402.0453	4	2220	3
NYT19980402.0453	5	2221	4
NYT19980402.0453	6	2222	5
NYT19980402.0453	7	2223	6
NYT19980402.0453	8	2225	7
NYT19980402.0453	9	2226	8
NYT19980402.0453	10	2227	9
NYT19980402.0453	50	2228	10
NYT19980402.0453	12	2229	11
NYT19980402.0453	13	2231	12
NYT19980402.0453	2025	2234	13
NYT19980402.0453	14	2235	14
NYT19980402.0453	15	2236	15
NYT19980402.0453	17	2237	16
NYT19980402.0453	59	2239	17
NYT19980402.0453	2065	2240	18
NYT19980402.0453	21	2242	19
NYT19980402.0453	2072	2243	20
NYT19980402.0453	2093	2244	21
NYT19980402.0453	22	2245	22
NYT19980402.0453	23	2246	23
NYT19980402.0453	24	2247	24
NYT19980402.0453	25	2248	25
NYT19980402.0453	26	2249	26
NYT19980402.0453	27	2250	27
NYT19980402.0453	29	2251	28
NYT19980402.0453	30	2252	29
NYT19980402.0453	31	2254	30
NYT19980402.0453	66	2255	31
NYT19980402.0453	33	2256	32
NYT19980402.0453	2164	2257	33
NYT19980402.0453	34	2258	34
NYT19980402.0453	35	2259	35
NYT19980402.0453	36	2260	36
NYT19980402.0453	65	2261	37
NYT19980402.0453	38	2262	38
NYT19980402.0453	40	2263	39
NYT19980402.0453	41	2264	40
NYT19980402.0453	60	2265	41
NYT19980402.0453	42	2266	42
PRI19980115.2000.0186	1	2268	0
PRI19980115.2000.0186	3	2270	1
PRI19980115.2000.0186	1998	2271	2
PRI19980115.2000.0186	2000	2272	3
PRI19980115.2000.0186	5	2274	4
PRI19980115.2000.0186	7	2275	5
PRI19980115.2000.0186	8	2276	6
PRI19980115.2000.0186	9	2277	7
PRI19980115.2000.0186	10	2278	8
PRI19980115.2000.0186	11	2279	9
PRI19980115.2000.0186	13	2282	10
PRI19980115.2000.0186	2003	2283	11
PRI19980115.2000.0186	14	2284	12
PRI19980115.2000.0186	15	2285	13
PRI19980115.2000.0186	2004	2286	14
PRI19980115.2000.0186	2008	2287	15
PRI19980115.2000.0186	17	2288	16
PRI19980115.2000.0186	2007	2289	17
PRI19980115.2000.0186	18	2290	18
PRI19980115.2000.0186	19	2291	19
PRI19980115.2000.0186	20	2293	20
PRI19980115.2000.0186	22	2294	21
PRI19980115.2000.0186	23	2296	22
PRI19980115.2000.0186	2039	2297	23
PRI19980115.2000.0186	24	2298	24
PRI19980115.2000.0186	2010	2299	25
PRI19980115.2000.0186	2011	2300	26
PRI19980306.2000.1675	20	194	0
PRI19980306.2000.1675	21	195	1
PRI19980306.2000.1675	22	196	2
PRI19980306.2000.1675	3	198	3
PRI19980306.2000.1675	5	200	4
PRI19980306.2000.1675	24	201	5
PRI19980306.2000.1675	6	202	6
PRI19980306.2000.1675	7	203	7
PRI19980306.2000.1675	8	204	8
PRI19980306.2000.1675	25	205	9
PRI19980306.2000.1675	10	206	10
PRI19980306.2000.1675	30	207	11
PRI19980306.2000.1675	11	209	12
PRI19980306.2000.1675	27	210	13
PRI19980306.2000.1675	13	211	14
PRI19980306.2000.1675	14	212	15
PRI19980306.2000.1675	32	213	16
PRI19980306.2000.1675	35	214	17
PRI19980306.2000.1675	16	215	18
PRI19980306.2000.1675	36	216	19
PRI19980306.2000.1675	37	217	20
